./allData/aircraft-detectnet/train/images/103.png 24,223,93,312,0 49,312,111,389,0 526,6,627,78,0 549,85,640,157,0 577,173,654,242,0 592,252,674,326,0 623,341,691,406,0
./allData/aircraft-detectnet/train/images/17.png 89,213,213,294,0 208,133,326,206,0 326,55,447,127,0 441,1,565,49,0 490,252,583,370,0 606,173,705,288,0 726,88,815,213,0 838,16,936,133,0
./allData/aircraft-detectnet/train/images/18.png 117,269,267,360,0 440,66,568,142,0 920,184,1036,317,0 1082,73,1197,203,0
./allData/aircraft-detectnet/train/images/2.png 279,220,321,262,0 290,258,331,302,0 303,302,339,346,0 368,150,415,188,0 383,194,422,227,0 392,233,435,271,0 406,276,447,314,0 415,316,455,354,0 443,130,481,173,0 469,213,505,255,0 480,257,513,298,0 493,297,527,343,0 602,0,641,30,0 884,5,937,48,0 901,51,943,85,0 914,93,953,133,0
./allData/aircraft-detectnet/train/images/20.png 6,253,121,380,0 130,164,246,301,0 378,302,526,382,0 599,140,738,241,0 722,57,859,164,0 835,1,972,91,0 1018,197,1136,330,0 1146,131,1242,257,0
./allData/aircraft-detectnet/train/images/201.png 444,286,506,349,0 500,262,555,328,0 550,241,606,310,0 601,217,656,295,0 647,190,705,266,0 697,172,754,245,0 752,153,810,224,0
./allData/aircraft-detectnet/train/images/202.png 978,296,1038,365,0 566,318,621,373,0 616,294,673,350,0 665,268,722,333,0 714,245,771,310,0 765,219,818,288,0 811,200,872,267,0 864,181,914,244,0 915,155,972,219,0 496,143,549,204,0 550,118,604,188,0 643,74,703,142,0 742,29,798,102,0 797,8,852,77,0 426,5,486,69,0 480,0,549,47,0
./allData/aircraft-detectnet/train/images/203.png 181,172,239,234,0 236,142,289,212,0 287,122,334,189,0 333,108,393,169,0 385,78,435,147,0 435,57,485,123,0 479,34,535,99,0 532,12,588,84,0 596,149,658,221,0
./allData/aircraft-detectnet/train/images/204.png 182,55,230,130,0 206,42,250,109,0 240,38,287,105,0 309,166,369,246,0 560,62,614,125,0 615,37,665,108,0 846,297,904,371,0 733,186,786,252,0 676,205,732,271,0 589,249,631,316,0 532,273,579,335,0 435,317,493,381,0 381,343,435,383,0
./allData/aircraft-detectnet/train/images/205.png 414,0,472,63,0 432,184,487,254,0 482,162,539,222,0 532,137,592,205,0 637,92,687,160,0 682,71,737,136,0 781,25,835,96,0 835,7,890,73,0 942,121,1005,200,0 849,168,913,239,0 807,193,856,257,0 753,219,807,283,0 706,233,757,304,0 653,258,707,327,0 600,279,657,349,0 554,299,608,369,0 500,320,558,381,0
./allData/aircraft-detectnet/train/images/206.png 515,235,575,311,0 639,178,695,249,0 689,156,752,227,0 655,328,723,382,0 460,81,518,156,0 539,54,588,127,0 586,33,626,99,0 622,15,672,96,0 679,1,726,61,0 312,336,389,381,0
./allData/aircraft-detectnet/train/images/207.png 83,18,144,84,0 152,186,210,249,0 206,165,261,232,0 256,136,308,205,0 304,119,360,186,0 349,98,410,166,0 402,74,458,143,0 452,48,508,123,0 502,32,558,101,0 551,6,610,76,0 602,0,667,60,0 674,115,720,199,0 617,139,669,208,0 568,165,620,237,0 516,189,575,256,0 469,210,524,280,0 420,232,474,298,0 322,277,380,345,0 270,301,326,364,0 222,322,279,381,0 681,307,748,385,0
./allData/aircraft-detectnet/train/images/208.png 32,141,92,209,0 127,92,183,159,0 179,69,232,138,0 234,47,280,118,0 283,24,339,102,0 377,0,438,51,0 436,117,498,195,0 495,99,549,177,0 545,82,599,150,0
./allData/aircraft-detectnet/train/images/209.png 608,129,664,200,0 661,106,712,174,0 706,81,766,147,0 763,64,809,131,0 811,41,867,111,0 972,162,1031,238,0 877,212,938,276,0 830,230,878,294,0 779,253,831,319,0 731,274,782,337,0 628,325,687,382,0 1045,303,1098,371,0 1092,283,1149,351,0 1146,265,1199,331,0
./allData/aircraft-detectnet/train/images/21.png 196,268,311,383,0 318,190,424,314,0 418,128,519,253,0 537,36,646,166,0 661,263,799,358,0 792,168,939,276,0 1005,12,1146,117,0 1095,313,1181,382,0
./allData/aircraft-detectnet/train/images/210.png 486,196,548,262,0 546,176,597,244,0 598,152,649,225,0 644,129,700,197,0 694,107,747,179,0 744,81,800,156,0 891,22,944,97,0 1074,300,1136,373,0 347,161,421,222,0 216,174,295,225,0
./allData/aircraft-detectnet/train/images/212.png 92,87,177,157,0 149,34,231,106,0 194,0,282,59,0 336,122,437,211,0 294,174,378,257,0 254,225,341,304,0 205,270,291,350,0 590,185,680,265,0 547,230,621,306,0 491,279,581,352,0 459,334,528,383,0 742,327,836,382,0
./allData/aircraft-detectnet/train/images/213.png 447,9,524,86,0 696,56,775,140,0 647,105,727,184,0 605,155,686,230,0 562,201,643,279,0 938,115,1021,187,0 895,156,978,233,0 845,206,934,282,0 813,256,897,333,0 766,307,850,375,0 1095,257,1180,330,0 1049,306,1138,376,0
./allData/aircraft-detectnet/train/images/214.png 239,70,313,143,0 280,29,364,100,0 382,203,472,289,0 435,155,522,240,0 475,101,561,179,0 530,58,619,128,0 580,5,664,91,0 792,99,885,188,0 746,158,836,237,0 701,204,791,289,0 661,263,744,351,0 606,316,690,382,0
./allData/aircraft-detectnet/train/images/215.png 23,58,112,131,0 61,9,155,85,0 124,1,198,52,0 186,208,268,291,0 235,155,319,240,0 468,206,557,286,0 515,155,603,230,0 686,306,769,381,0 776,222,860,294,0 852,123,934,192,0 905,81,989,154,0 942,28,1024,104,0 1080,173,1174,257,0 983,280,1074,356,0 938,331,1027,382,0
./allData/aircraft-detectnet/train/images/216.png 150,240,225,306,0 192,186,267,258,0 239,146,311,213,0 276,90,350,165,0 313,44,401,117,0 363,1,448,67,0
./allData/aircraft-detectnet/train/images/217.png 420,285,506,357,0 466,234,547,308,0 509,187,587,256,0 551,136,630,214,0 598,94,672,166,0 637,41,717,116,0
./allData/aircraft-detectnet/train/images/220.png 498,88,574,171,0 592,170,672,259,0 699,280,786,364,0 655,224,739,320,0
./allData/aircraft-detectnet/train/images/221.png 480,325,568,381,0 775,9,866,82,0 878,93,950,176,0 991,189,1075,279,0 932,142,1010,230,0
./allData/aircraft-detectnet/train/images/222.png 268,90,361,182,0 478,278,570,363,0
./allData/aircraft-detectnet/train/images/224.png 980,283,1086,379,0 1141,180,1233,280,0
./allData/aircraft-detectnet/train/images/228.png 413,83,506,183,0 507,17,611,118,0 743,172,844,280,0 559,306,655,378,0 982,319,1067,382,0
./allData/aircraft-detectnet/train/images/229.png 719,225,807,312,0 815,150,904,242,0 916,96,998,192,0
./allData/aircraft-detectnet/train/images/231.png 62,95,153,181,0 149,29,251,121,0 233,2,340,62,0 302,90,405,183,0 474,134,570,236,0 387,192,478,288,0 204,322,298,381,0 610,319,700,380,0 710,261,802,362,0 808,190,907,299,0
./allData/aircraft-detectnet/train/images/232.png 359,9,450,101,0 511,230,599,330,0 461,0,545,39,0 600,12,710,95,0 676,104,774,211,0 779,43,874,153,0 821,301,915,382,0 921,238,1000,340,0 1000,341,1000,341,0 1004,181,1099,282,0 1104,109,1197,214,0
./allData/aircraft-detectnet/train/images/233.png 179,256,270,342,0 260,209,347,302,0 540,0,633,105,0 818,259,913,355,0 913,199,995,305,0 999,147,1081,247,0 1084,76,1169,179,0 1169,21,1246,119,0 1055,275,1162,360,0 626,0,710,53,0
./allData/aircraft-detectnet/train/images/234.png 315,217,403,309,0 385,173,470,259,0 462,121,546,212,0 533,69,617,163,0 604,16,692,120,0 920,157,1015,256,0
./allData/aircraft-detectnet/train/images/3.png 90,137,157,214,0 613,0,705,66,0 49,0,113,38,0 640,82,717,154,0 666,168,745,247,0 688,252,764,337,0
./allData/aircraft-detectnet/train/images/44.png 545,217,616,313,0 616,235,690,318,0
./allData/aircraft-detectnet/train/images/45.png 315,100,375,193,0 380,118,443,205,0 497,147,563,235,0 557,159,618,244,0 614,174,682,261,0 689,184,751,274,0
./allData/aircraft-detectnet/train/images/7.png 537,3,627,76,0 564,96,643,164,0 589,181,663,250,0 598,265,690,338,0 733,132,809,220,0 763,222,826,308,0 899,5,983,76,0 917,89,1007,166,0 947,176,1021,243,0 1112,210,1187,297,0 1050,0,1111,49,0 689,0,751,48,0
./allData/aircraft-detectnet/train/images/8.png 1117,171,1201,256,0
